6
9

0 1 4
0 2 2
1 2 1
1 3 5
3 2 8
3 4 2
3 5 6
5 4 2
2 4 10

Resultado esperado: [(2, 0, 2), (3, 2, 1), (8, 1, 3), (10, 3, 4), (12, 4, 5)]

5
8
0 1 4
0 2 2
0 3 5
1 4 1
2 1 1
2 3 2
2 4 1
3 4 1
Resultado esperado: [(2, 0, 2), (3, 2, 1), (3, 2, 4), (4, 2, 3)]


6 
9
0 1 7        
0 5 14
0 2 9
1 2 10
1 3 15
3 2 11
3 4 6
4 5 9
5 2 2
Resultado esperado:[(7, 0, 1), (9, 0, 2), (11, 2, 5), (20, 2, 3), (20, 5, 4)]

Arestas = 4
Vertices = 5
0 3 4
0 1 5
1 2 3
3 1 2
3 2 6
Resultado esperado: [(4, 0, 3), (5, 0, 1), (8, 1, 2)]


6
8
0 1 3
0 2 5
0 3 1
1 4 4
2 4 8
2 3 4
4 5 7
3 5 3
Resultado esperado:[(1, 0, 3), (3, 0, 1), (4, 3, 5), (5, 0, 2), (7, 1, 4)]